0 0
1 138
2 0
3 0
4 0
5 0
6 0
7 0
8 0
9 276
10 4279
11 11318
12 6901
13 552
14 0
15 0
16 0
17 0
18 0
19 0
20 0
21 0
22 0
23 0
24 0
25 0
26 0
27 0
28 0
29 0
30 0
31 0
32 0
33 0
34 0
35 0
36 0
37 0
38 0
39 0
40 0
41 0
42 276
43 552
44 276
45 0
46 0
47 0
48 0
49 0
50 0
51 138
52 276
53 0
54 0
55 0
56 0
57 0
58 0
59 0
60 0
61 0
62 0
63 0
64 0
65 0
66 0
67 0
68 0
69 0
70 0
71 0
72 0
73 0
74 0
75 0
76 0
77 0
78 0
79 138
80 0
81 0
82 0
83 0
84 0
85 0
86 0
87 0
88 0
89 0
90 0
91 138
92 138
93 0
94 0
95 0
96 0
97 0
98 0
99 0
100 0
101 0
102 0
103 0
104 0
105 0
106 0
107 138
108 552
109 552
110 0
111 0
112 0
113 828
114 1932
115 828
116 0
117 0
118 0
119 0
120 552
121 1104
122 552
123 0
124 0
125 0
126 0
127 0
128 0
129 0
130 0
131 0
132 0
133 0
134 0
135 0
136 0
137 0
138 0
139 138
140 552
141 828
142 552
143 138
144 828
145 1104
146 138
147 0
148 0
149 0
150 0
151 0
152 0
153 0
154 0
155 138
156 828
157 828
158 138
159 0
160 0
161 0
162 0
163 138
164 828
165 690
166 138
167 0
168 0
169 0
170 0
171 0
172 0
173 0
174 0
175 0
176 0
177 0
178 0
179 0
180 0
181 0
182 0
183 0
184 0
185 0
186 0
187 0
188 690
189 4555
190 6487
191 2622
192 2484
193 3450
194 2622
195 4279
196 3312
197 414
198 0
199 0
200 138
201 138
202 0
203 0
204 0
205 0
206 0
207 0
208 0
209 0
210 0
211 0
212 552
213 552
214 138
215 138
216 276
217 552
218 2208
219 3174
220 1242
221 138
222 138
223 0
224 0
225 0
226 0
227 0
228 0
229 0
230 276
231 2760
232 4003
233 1380
234 0
235 0
236 0
237 0
238 0
239 0
240 0
241 0
242 138
243 828
244 828
245 138
246 0
247 0
248 276
249 1242
250 1380
251 276
252 0
253 0
254 828
255 2346
256 2070
257 690
258 552
259 828
260 1794
261 1518
262 276
263 0
264 0
265 0
266 276
267 276
268 138
269 0
270 138
271 414
272 552
273 138
274 414
275 690
276 414
277 0
278 0
279 0
280 0
281 0
282 0
283 0
284 0
285 0
286 0
287 0
288 0
289 0
290 414
291 552
292 276
293 0
294 0
295 0
296 0
297 0
298 0
299 0
300 0
301 0
302 0
303 552
304 3450
305 4279
306 1518
307 138
308 0
309 138
310 414
311 138
312 0
313 0
314 0
315 1794
316 12837
317 17116
318 7039
319 2346
320 2622
321 1518
322 138
323 0
324 0
325 0
326 276
327 5935
328 11180
329 6763
330 1104
331 0
332 138
333 966
334 966
335 276
336 0
337 0
338 3588
339 11456
340 9938
341 2208
342 138
343 276
344 138
345 0
346 138
347 138
348 0
349 0
350 0
351 276
352 966
353 1104
354 2484
355 2208
356 414
357 138
358 276
359 552
360 552
361 138
362 0
363 0
364 0
365 0
366 0
367 0
368 0
369 0
370 276
371 1380
372 3450
373 3450
374 966
375 138
376 138
377 138
378 0
379 0
380 0
381 0
382 138
383 828
384 966
385 138
386 138
387 138
388 138
389 690
390 690
391 138
392 0
393 276
394 1932
395 6073
396 6211
397 1380
398 138
399 0
400 0
401 0
402 0
403 0
404 0
405 0
406 138
407 552
408 4969
409 8558
410 4693
411 414
412 0
413 0
414 138
415 0
416 0
417 552
418 1656
419 1380
420 1932
421 15045
422 18910
423 6763
424 414
425 0
426 276
427 552
428 138
429 0
430 1104
431 11180
432 25674
433 18772
434 2346
435 138
436 0
437 0
438 0
439 828
440 2484
441 2208
442 414
443 0
444 0
445 0
446 0
447 0
448 552
449 3450
450 3588
451 966
452 0
453 0
454 0
455 0
456 0
457 0
458 138
459 0
460 0
461 0
462 0
463 0
464 138
465 966
466 966
467 138
468 0
469 0
470 138
471 138
472 138
473 138
474 138
475 3036
476 5935
477 5245
478 6487
479 12975
480 10490
481 1932
482 552
483 552
484 414
485 0
486 0
487 0
488 138
489 3174
490 6901
491 4693
492 690
493 552
494 2760
495 3312
496 1380
497 138
498 0
499 0
500 0
501 0
502 0
503 138
504 552
505 690
506 414
507 0
508 0
509 0
510 0
511 0
512 414
513 1656
514 1518
515 138
516 0
517 0
518 0
519 0
520 276
521 1242
522 1242
523 690
524 1242
525 1380
526 2898
527 4279
528 2484
529 3864
530 10490
531 21947
532 21119
533 8420
534 414
535 0
536 0
537 0
538 138
539 552
540 690
541 414
542 0
543 0
544 0
545 138
546 828
547 1932
548 2208
549 966
550 138
551 552
552 690
553 138
554 138
555 2622
556 8006
557 6625
558 1104
559 138
560 0
561 0
562 138
563 552
564 138
565 0
566 0
567 0
568 0
569 0
570 0
571 0
572 0
573 828
574 1242
575 1104
576 1104
577 828
578 0
579 0
580 138
581 552
582 552
583 138
584 0
585 0
586 0
587 0
588 0
589 0
590 0
591 0
592 0
593 138
594 138
595 138
596 0
597 0
598 276
599 552
600 414
601 138
602 828
603 1104
604 414
605 414
606 552
607 276
608 0
609 0
610 0
611 552
612 552
613 0
614 0
615 0
616 138
617 138
618 0
619 0
620 828
621 1104
622 138
623 0
624 138
625 414
626 414
627 0
628 0
629 0
630 414
631 552
632 276
633 0
634 0
635 0
636 0
637 0
638 0
639 0
640 138
641 138
642 138
643 0
644 0
645 0
646 138
647 276
648 138
649 0
650 0
651 0
652 0
653 0
654 0
655 0
656 0
657 0
658 138
659 0
660 0
661 0
662 0
663 276
664 1104
665 966
666 138
667 0
668 0
669 0
670 0
671 0
672 414
673 552
674 138
675 0
676 0
677 0
678 0
679 138
680 5107
681 28901
682 32766
683 14493
684 690
685 0
686 828
687 9800
688 13941
689 7591
690 414
691 0
692 0
693 138
694 0
695 0
696 0
697 0
698 0
699 0
700 0
701 0
702 0
703 0
704 0
705 0
706 0
707 0
708 0
709 0
710 0
711 0
712 0
713 0
714 0
715 0
716 0
717 0
718 138
719 276
720 138
721 0
722 0
723 0
724 0
725 0
726 0
727 0
728 0
729 0
730 0
731 0
732 0
733 0
734 0
735 0
736 0
737 276
738 552
739 138
740 0
741 0
742 414
743 552
744 138
745 0
746 0
747 0
748 0
749 414
750 1656
751 1794
752 414
753 138
754 0
755 0
756 0
757 0
758 1932
759 5383
760 4969
761 1104
762 0
763 0
764 0
765 0
766 0
767 0
768 0
769 0
770 0
771 138
772 3450
773 13941
774 14631
775 5107
776 138
777 0
778 0
779 0
780 0
781 0
782 0
783 0
784 138
785 414
786 276
787 0
788 0
789 0
790 0
791 0
792 0
793 0
794 0
795 138
796 138
797 138
798 0
799 0
800 0
801 0
802 0
803 276
804 552
805 1242
806 1380
807 966
808 138
809 0
810 0
811 0
812 0
813 0
814 0
815 0
816 0
817 0
818 0
819 0
820 0
821 0
822 0
823 138
824 966
825 966
826 276
827 0
828 0
829 0
830 0
831 0
832 1104
833 2760
834 2484
835 414
836 0
837 0
838 0
839 0
840 0
841 0
842 0
843 0
844 0
845 0
846 138
847 1380
848 1794
849 966
850 0
851 0
852 0
853 0
854 138
855 0
856 0
857 0
858 0
859 0
860 0
861 0
862 0
863 0
864 0
865 0
866 0
867 0
868 0
869 0
870 0
871 0
872 0
873 0
874 0
875 0
876 0
877 0
878 0
879 0
880 0
881 0
882 0
883 0
884 0
885 0
886 0
887 0
888 0
889 0
890 0
891 0
892 0
893 0
894 0
895 0
896 0
897 0
898 0
899 0
