0 0
1 4294
2 4294
3 4294
4 4480
5 4480
6 4574
7 4667
8 4667
9 4760
10 4667
11 4947
12 4760
13 4667
14 4760
15 4854
16 5040
17 4854
18 5040
19 5227
20 5414
21 5320
22 5134
23 5227
24 5694
25 5694
26 5694
27 5881
28 5974
29 6067
30 5881
31 5881
32 5881
33 6161
34 6254
35 6347
36 6534
37 6441
38 6627
39 6721
40 6907
41 6907
42 7001
43 6907
44 7094
45 7187
46 7374
47 7281
48 7468
49 7468
50 7654
51 7654
52 7468
53 7654
54 8028
55 7934
56 7561
57 7094
58 7281
59 7934
60 8214
61 8308
62 8681
63 8868
64 8868
65 8868
66 8961
67 9054
68 9148
69 9148
70 9335
71 9521
72 9708
73 9521
74 9801
75 9708
76 9801
77 9895
78 9895
79 9895
80 9988
81 9988
82 10268
83 10361
84 10361
85 10455
86 10735
87 10735
88 10828
89 11015
90 11108
91 11108
92 11015
93 11295
94 11295
95 11575
96 11575
97 11388
98 11295
99 11482
100 11762
101 11855
102 12135
103 12228
104 12322
105 12415
106 12415
107 12415
108 12508
109 12602
110 12882
111 12882
112 12789
113 12602
114 12789
115 13255
116 13255
117 13535
118 13535
119 13535
120 13815
121 13722
122 13535
123 13815
124 14189
125 14002
126 13629
127 13815
128 14189
129 14656
130 14749
131 14656
132 14936
133 15029
134 15029
135 15029
136 14936
137 15122
138 14842
139 15122
140 15309
141 15682
142 15869
143 15962
144 16056
145 16056
146 16149
147 16336
148 16523
149 16336
150 16709
151 16616
152 16709
153 16989
154 17269
155 17083
156 17176
157 17269
158 17643
159 17736
160 17923
161 17829
162 17456
163 17736
164 17923
165 18296
166 18016
167 18296
168 18576
169 18390
170 18203
171 18109
172 18670
173 18763
174 18109
175 17829
176 18856
177 19136
178 19416
179 19416
180 19510
181 19603
182 19790
183 19790
184 19976
185 20350
186 20163
187 20443
188 20443
189 20070
190 19603
191 20070
192 20723
193 20817
194 20257
195 19230
196 19230
197 20723
198 21377
199 21563
200 21190
201 21190
202 21563
203 21657
204 21377
205 20817
206 21844
207 22217
208 21750
209 19416
210 16803
211 18483
212 21377
213 23057
214 22964
215 22777
216 22684
217 21377
218 20537
219 21844
220 23430
221 23711
222 24271
223 23991
224 23711
225 24271
226 24364
227 23897
228 21750
229 21283
230 23337
231 24737
232 25017
233 25297
234 25204
235 25017
236 25204
237 25484
238 25764
239 25578
240 25578
241 25858
242 25671
243 25297
244 24271
245 25111
246 26231
247 26231
248 25764
249 25764
250 26698
251 26698
252 26978
253 27071
254 26791
255 27071
256 27071
257 27071
258 27538
259 27445
260 27631
261 27538
262 28098
263 27818
264 28005
265 28378
266 28285
267 28471
268 28378
269 27911
270 27538
271 28005
272 28285
273 28845
274 28938
275 29218
276 29031
277 28845
278 28938
279 28565
280 28565
281 28845
282 28845
283 29031
284 29405
285 29592
286 29778
287 29778
288 29312
289 29685
290 30152
291 30152
292 29685
293 29405
294 29405
295 29685
296 29872
297 29405
298 29218
299 29778
300 30058
301 29592
302 29312
303 30245
304 30805
305 30525
306 30805
307 30992
308 31085
309 30245
310 29125
311 27725
312 28285
313 30618
314 31459
315 31552
316 31179
317 30432
318 29778
319 30245
320 30805
321 31085
322 30712
323 30525
324 30245
325 30432
326 31365
327 31739
328 31085
329 30898
330 30898
331 29592
332 27631
333 24551
334 19043
335 12882
336 12135
337 18109
338 24084
339 26791
340 27164
341 28751
342 30058
343 30338
344 30898
345 30525
346 28191
347 26884
348 29125
349 31832
350 32205
351 32019
352 31832
353 31645
354 31272
355 30898
356 30058
357 27164
358 20443
359 14002
360 16149
361 23337
362 27911
363 29872
364 30245
365 29778
366 29872
367 30898
368 30898
369 30992
370 31739
371 31925
372 29872
373 27818
374 29125
375 31739
376 32019
377 32392
378 31085
379 30152
380 30992
381 31365
382 31365
383 32205
384 32112
385 32205
386 31739
387 32205
388 31925
389 32112
390 32299
391 32672
392 32766
393 32299
394 32205
395 31925
396 32579
397 31085
398 29965
399 30805
400 32579
401 32579
402 31645
403 31645
404 31925
405 31645
406 31739
407 31925
408 32019
409 31645
410 31645
411 32299
412 32205
413 31925
414 30898
415 29125
416 29218
417 30432
418 31925
419 32112
420 32019
421 32019
422 31925
423 31739
424 31365
425 30618
426 30992
427 31645
428 31832
429 31925
430 30992
431 28751
432 24831
433 25578
434 29685
435 30898
436 30898
437 30898
438 31085
439 31179
440 29125
441 28565
442 30525
443 31085
444 31645
445 31365
446 30898
447 29685
448 29498
449 29031
450 28378
451 28658
452 28378
453 28565
454 30245
455 30432
456 30058
457 30338
458 30898
459 30432
460 30525
461 30432
462 30432
463 29498
464 28191
465 28098
466 29592
467 29685
468 29312
469 28098
470 28005
471 28098
472 28098
473 28845
474 28658
475 29031
476 29685
477 30245
478 30058
479 30058
480 30152
481 29872
482 30058
483 29778
484 30152
485 29872
486 29592
487 28098
488 26604
489 27445
490 28658
491 28751
492 28751
493 28845
494 29031
495 27911
496 26791
497 25297
498 24177
499 25671
500 27725
501 28845
502 28658
503 27725
504 26884
505 27725
506 27351
507 27538
508 27818
509 28191
510 28378
511 28005
512 27725
513 27445
514 27631
515 27071
516 24924
517 24177
518 26044
519 26884
520 27071
521 27538
522 27725
523 27538
524 27445
525 27351
526 27164
527 26978
528 26511
529 26418
530 26231
531 26511
532 26791
533 26698
534 26698
535 26511
536 26324
537 26138
538 25297
539 25204
540 24644
541 23617
542 23244
543 23244
544 23804
545 24364
546 23337
547 22030
548 22777
549 24364
550 24924
551 24737
552 24831
553 24551
554 23804
555 23897
556 23804
557 24084
558 24084
559 24084
560 23617
561 22964
562 22124
563 23057
564 23897
565 22964
566 22030
567 22497
568 23430
569 23524
570 23150
571 23150
572 23244
573 23057
574 21190
575 18670
576 19510
577 21190
578 20723
579 20817
580 21937
581 22497
582 22590
583 22310
584 22590
585 22217
586 22310
587 22497
588 22590
589 22497
590 22217
591 22124
592 20630
593 19230
594 19230
595 20350
596 21097
597 21657
598 21563
599 21097
600 20723
601 20817
602 21190
603 21003
604 21003
605 21003
606 20630
607 20443
608 20537
609 19416
610 18576
611 19136
612 19696
613 19230
614 18856
615 18856
616 18483
617 18576
618 19043
619 19416
620 19510
621 19230
622 19230
623 19136
624 19323
625 19136
626 19136
627 19043
628 18950
629 18763
630 18950
631 18483
632 18203
633 18203
634 18296
635 18483
636 18390
637 18203
638 18390
639 18203
640 18390
641 18016
642 18016
643 18016
644 17643
645 17643
646 17456
647 17643
648 16989
649 16336
650 15776
651 15962
652 16523
653 16709
654 16523
655 16056
656 15776
657 15589
658 15496
659 15776
660 15869
661 15962
662 15776
663 15962
664 15869
665 15682
666 15496
667 15589
668 15869
669 15496
670 15496
671 15216
672 14936
673 15309
674 15216
675 15122
676 15216
677 15122
678 15029
679 14936
680 14936
681 14656
682 14749
683 14656
684 14562
685 14375
686 14282
687 14002
688 13535
689 13722
690 13722
691 12975
692 12695
693 13349
694 13535
695 13162
696 12602
697 11482
698 11295
699 11948
700 12602
701 12602
702 12882
703 12882
704 12789
705 12228
706 12415
707 12415
708 12602
709 12602
710 12602
711 12322
712 12228
713 12322
714 12415
715 11855
716 11855
717 11855
718 11948
719 11855
720 11668
721 11948
722 11482
723 11575
724 11668
725 11388
726 11388
727 10922
728 9988
729 9615
730 10175
731 10735
732 10361
733 9615
734 8961
735 9615
736 10361
737 10735
738 10548
739 10361
740 10455
741 10268
742 9988
743 9335
744 8774
745 9241
746 9615
747 9801
748 9895
749 9708
750 9521
751 9335
752 9335
753 9521
754 9521
755 9335
756 9335
757 9148
758 9054
759 8961
760 8961
761 8774
762 8774
763 8308
764 8121
765 8401
766 8308
767 8401
768 8681
769 8494
770 8401
771 8494
772 8308
773 8121
774 8308
775 8121
776 8121
777 8214
778 7934
779 7841
780 7841
781 7841
782 7841
783 7748
784 7561
785 7561
786 7468
787 7281
788 7187
789 7187
790 7187
791 6814
792 6441
793 6347
794 6721
795 6907
796 6721
797 6814
798 6627
799 6627
800 6814
801 6627
802 6534
803 6627
804 6534
805 6441
806 6441
807 6347
808 6067
809 6254
810 6161
811 6161
812 6161
813 6067
814 5787
815 5974
816 5414
817 5040
818 5227
819 5507
820 5787
821 5507
822 5601
823 5601
824 5601
825 5414
826 5414
827 5414
828 5134
829 5134
830 5227
831 5134
832 5134
833 5134
834 5227
835 4947
836 4760
837 4760
838 4667
839 4480
840 4107
841 4107
842 4107
843 4014
844 4200
845 4480
846 4574
847 4574
848 4387
849 4480
850 4294
851 4294
852 4387
853 4200
854 4294
855 4200
856 4107
857 4107
858 4107
859 3920
860 3734
861 3827
862 3827
863 3827
864 3827
865 3453
866 3173
867 3173
868 3640
869 3547
870 3547
871 3547
872 3360
873 3453
874 3173
875 3360
876 3360
877 3360
878 3267
879 3173
880 2800
881 2613
882 2893
883 2987
884 3173
885 3080
886 2987
887 2987
888 2893
889 2800
890 2893
891 2800
892 2800
893 2800
894 2800
895 2613
896 2520
897 0
898 0
899 0
