0 0
1 4050
2 4320
3 4320
4 4410
5 4590
6 4500
7 4680
8 4770
9 4770
10 4860
11 4770
12 4680
13 4680
14 4950
15 4860
16 4860
17 5040
18 5040
19 5310
20 5491
21 5040
22 5130
23 5491
24 5671
25 5581
26 5761
27 5851
28 5941
29 6031
30 5671
31 5851
32 6121
33 6301
34 6481
35 6391
36 6571
37 6481
38 6571
39 6751
40 6931
41 6841
42 7021
43 7021
44 7111
45 7201
46 7201
47 7381
48 7471
49 7741
50 7741
51 7381
52 7651
53 7831
54 7921
55 7561
56 7021
57 7471
58 8011
59 8191
60 8371
61 8461
62 8731
63 8731
64 8821
65 8911
66 9001
67 8911
68 9181
69 9181
70 9271
71 9361
72 9451
73 9631
74 9631
75 9721
76 9811
77 9901
78 9991
79 10081
80 10081
81 10081
82 10081
83 10261
84 10531
85 10441
86 10621
87 10711
88 10801
89 10982
90 10982
91 10982
92 11072
93 11342
94 11432
95 11612
96 11612
97 11432
98 11522
99 11612
100 11882
101 11972
102 12062
103 12242
104 12422
105 12242
106 12332
107 12422
108 12602
109 12602
110 12782
111 12602
112 12602
113 12692
114 13232
115 13322
116 13142
117 13682
118 13502
119 13682
120 13502
121 13592
122 13682
123 14042
124 13952
125 13772
126 13772
127 13952
128 14492
129 14582
130 14762
131 14672
132 14852
133 14852
134 14942
135 14852
136 14852
137 14762
138 14852
139 15482
140 15662
141 15842
142 15842
143 16022
144 15932
145 16383
146 16292
147 16383
148 16653
149 16743
150 16833
151 16923
152 16833
153 16923
154 17013
155 17013
156 17283
157 17553
158 17463
159 17643
160 17823
161 17643
162 17643
163 17553
164 17823
165 18183
166 18003
167 18363
168 18273
169 18093
170 18273
171 18543
172 18903
173 18183
174 17913
175 18633
176 18993
177 19263
178 19533
179 19533
180 19533
181 19803
182 19803
183 19893
184 19893
185 20073
186 19983
187 20433
188 20073
189 19443
190 19893
191 20793
192 20703
193 20433
194 19353
195 18903
196 20433
197 21513
198 21513
199 21333
200 21063
201 21333
202 21964
203 21243
204 20973
205 21513
206 22234
207 21693
208 19443
209 16923
210 17823
211 21063
212 22594
213 22684
214 22684
215 22594
216 21693
217 20433
218 21423
219 23224
220 23944
221 23944
222 23944
223 23944
224 23854
225 24394
226 23854
227 21964
228 20973
229 22954
230 24484
231 24754
232 25114
233 25024
234 24844
235 25114
236 25384
237 25834
238 25474
239 25654
240 25564
241 25834
242 25204
243 24124
244 24664
245 26014
246 26194
247 25654
248 25834
249 26464
250 26824
251 26824
252 27274
253 26914
254 26824
255 26914
256 27004
257 27274
258 27365
259 27455
260 27545
261 27455
262 27905
263 28085
264 28265
265 28535
266 28265
267 28445
268 28085
269 27274
270 27635
271 27995
272 28355
273 28895
274 29255
275 29255
276 28805
277 28715
278 28715
279 28805
280 28535
281 28625
282 28985
283 29075
284 29525
285 29525
286 29345
287 29255
288 29705
289 30245
290 30335
291 30155
292 29795
293 29165
294 29435
295 29615
296 29885
297 29615
298 29705
299 29885
300 29525
301 29345
302 29615
303 30425
304 30785
305 30605
306 30605
307 30875
308 31235
309 29615
310 27365
311 27545
312 30155
313 31415
314 31865
315 31685
316 31145
317 30335
318 29795
319 30155
320 30515
321 30875
322 30695
323 30335
324 30245
325 30425
326 31145
327 31415
328 30875
329 30335
330 29975
331 28535
332 25474
333 19983
334 13142
335 11612
336 17373
337 24034
338 27274
339 27815
340 27815
341 29705
342 30245
343 30335
344 30605
345 28625
346 26644
347 28265
348 31235
349 32315
350 32315
351 32135
352 31775
353 31145
354 30695
355 30065
356 27455
357 21243
358 14222
359 15572
360 22504
361 27274
362 29435
363 30245
364 30425
365 30065
366 29975
367 30785
368 31055
369 31415
370 31325
371 30785
372 28895
373 28355
374 30065
375 32135
376 32495
377 32585
378 31055
379 29885
380 30695
381 31325
382 31505
383 31955
384 31775
385 32405
386 32315
387 31955
388 31865
389 31955
390 32495
391 32766
392 32675
393 32675
394 31955
395 32045
396 31235
397 29795
398 30875
399 32495
400 32495
401 31775
402 31415
403 31505
404 31955
405 31685
406 31415
407 32225
408 31955
409 31505
410 31415
411 32315
412 32135
413 31505
414 29885
415 29525
416 30065
417 31145
418 31775
419 32045
420 31865
421 31955
422 31955
423 31685
424 31415
425 30785
426 30875
427 31865
428 32045
429 31595
430 28805
431 25024
432 25564
433 29435
434 31235
435 30965
436 30425
437 30875
438 31055
439 29525
440 28265
441 29705
442 31325
443 31325
444 31595
445 31415
446 30785
447 29435
448 29345
449 29075
450 28355
451 28985
452 28535
453 28535
454 30245
455 30425
456 30065
457 30155
458 30785
459 30695
460 30515
461 30515
462 30425
463 29075
464 27995
465 28625
466 29975
467 29795
468 29075
469 28085
470 27905
471 27815
472 28265
473 29075
474 28445
475 29165
476 29885
477 30155
478 30155
479 29975
480 29885
481 29795
482 29975
483 29975
484 29975
485 29975
486 28715
487 26824
488 26914
489 28355
490 28715
491 28625
492 28715
493 28715
494 27995
495 26824
496 25564
497 24214
498 25834
499 28085
500 28535
501 28895
502 28535
503 27545
504 26914
505 27365
506 27274
507 27365
508 27725
509 27995
510 28085
511 27725
512 27455
513 27455
514 27274
515 24844
516 24034
517 26014
518 27004
519 26824
520 27184
521 27725
522 27725
523 27725
524 27184
525 27184
526 27184
527 27004
528 26194
529 26104
530 26194
531 26734
532 26914
533 27004
534 26824
535 26464
536 26014
537 26104
538 25474
539 25204
540 24574
541 23224
542 22774
543 23404
544 23944
545 24304
546 23584
547 22414
548 22954
549 24214
550 24844
551 24664
552 24484
553 24484
554 24034
555 24124
556 24034
557 23854
558 24034
559 23674
560 23314
561 22864
562 22144
563 23044
564 23674
565 22954
566 22234
567 22684
568 23404
569 23494
570 23314
571 23224
572 23134
573 21693
574 19443
575 19443
576 21063
577 20793
578 20613
579 21693
580 22324
581 22504
582 22414
583 22504
584 22504
585 22144
586 22234
587 22594
588 22594
589 22414
590 22144
591 20703
592 19353
593 19353
594 20163
595 21243
596 21693
597 21783
598 21513
599 21243
600 20703
601 20883
602 21153
603 21153
604 21153
605 20883
606 20613
607 20343
608 19533
609 18543
610 19263
611 20163
612 19623
613 19173
614 18993
615 18633
616 18273
617 18723
618 19533
619 19713
620 19533
621 19173
622 19173
623 19173
624 19263
625 19263
626 19263
627 19083
628 18813
629 18813
630 18633
631 18543
632 18363
633 18093
634 18273
635 18363
636 18363
637 18183
638 18273
639 18273
640 18273
641 18183
642 17913
643 17733
644 17823
645 17643
646 17463
647 17373
648 16473
649 16112
650 16292
651 16473
652 16473
653 16833
654 16563
655 16022
656 15572
657 15482
658 15572
659 15752
660 16202
661 16022
662 16022
663 15932
664 15932
665 15572
666 15392
667 15932
668 15842
669 15572
670 15572
671 15302
672 15122
673 15212
674 15302
675 15212
676 15122
677 15122
678 15122
679 14942
680 15032
681 14672
682 14672
683 14582
684 14582
685 14402
686 14312
687 13952
688 13682
689 13322
690 12962
691 12872
692 13322
693 13502
694 13412
695 12872
696 11522
697 11252
698 12062
699 12872
700 12692
701 12782
702 12782
703 12782
704 12512
705 12242
706 12422
707 12602
708 12692
709 12602
710 12422
711 12422
712 12152
713 12332
714 12062
715 12062
716 11972
717 11792
718 11702
719 11882
720 11702
721 11792
722 11612
723 11612
724 11432
725 11522
726 11162
727 10261
728 9721
729 10351
730 10801
731 10621
732 9451
733 9091
734 9721
735 10441
736 10711
737 10711
738 10531
739 10441
740 10441
741 10171
742 9451
743 8911
744 9271
745 9721
746 9991
747 9811
748 9811
749 9451
750 9541
751 9271
752 9541
753 9451
754 9631
755 9541
756 9271
757 9181
758 9001
759 9001
760 8821
761 8731
762 8551
763 8371
764 8461
765 8371
766 8551
767 8641
768 8731
769 8551
770 8551
771 8461
772 8281
773 8191
774 8191
775 8011
776 8101
777 8011
778 8011
779 7921
780 8011
781 8011
782 7831
783 7561
784 7651
785 7471
786 7291
787 7381
788 7021
789 7201
790 6841
791 6391
792 6391
793 6751
794 7111
795 6931
796 6931
797 6751
798 6661
799 6661
800 6661
801 6481
802 6571
803 6571
804 6481
805 6391
806 6481
807 6391
808 6481
809 6211
810 6211
811 6211
812 6121
813 6121
814 5761
815 5310
816 5130
817 5310
818 5581
819 5761
820 5851
821 5761
822 5581
823 5581
824 5581
825 5400
826 5581
827 5130
828 5130
829 5220
830 5310
831 5220
832 5040
833 5130
834 4950
835 4950
836 4770
837 4770
838 4590
839 4320
840 4140
841 3960
842 4050
843 4230
844 4590
845 4590
846 4410
847 4500
848 4500
849 4500
850 4320
851 4230
852 4320
853 4320
854 4230
855 4320
856 4140
857 4140
858 3960
859 3870
860 3780
861 3780
862 3960
863 3780
864 3510
865 3150
866 3240
867 3600
868 3600
869 3690
870 3510
871 3420
872 3510
873 3510
874 3240
875 3330
876 3240
877 3330
878 3240
879 2790
880 2610
881 2880
882 3060
883 3150
884 3150
885 3060
886 2970
887 2970
888 2880
889 2880
890 2880
891 2790
892 2700
893 2790
894 2700
895 2430
896 2070
897 0
898 0
899 0
