0 0
1 4084
2 4176
3 4269
4 4548
5 4548
6 4455
7 4641
8 4548
9 4548
10 4455
11 4733
12 4641
13 4733
14 4919
15 4733
16 4826
17 5012
18 5105
19 5198
20 5198
21 4826
22 5290
23 5569
24 5662
25 5569
26 5569
27 5847
28 5847
29 5754
30 5569
31 5662
32 6219
33 6311
34 6404
35 6219
36 6497
37 6404
38 6590
39 6683
40 6868
41 6868
42 6868
43 6868
44 6868
45 7054
46 7054
47 7240
48 7240
49 7425
50 7240
51 7332
52 7518
53 7704
54 7518
55 7054
56 6961
57 7332
58 7889
59 8168
60 8353
61 8261
62 8539
63 8632
64 8725
65 8818
66 8818
67 8818
68 9003
69 9003
70 9096
71 9189
72 9282
73 9467
74 9467
75 9653
76 9560
77 9653
78 9653
79 9931
80 9931
81 9931
82 9931
83 9931
84 10024
85 10303
86 10396
87 10581
88 10581
89 10860
90 10860
91 10767
92 10952
93 11045
94 11231
95 11231
96 11324
97 11231
98 11324
99 11231
100 11788
101 11695
102 11973
103 11973
104 11973
105 12252
106 12159
107 12066
108 12438
109 12530
110 12530
111 12345
112 12252
113 12530
114 12716
115 12995
116 12995
117 13180
118 13366
119 13273
120 13273
121 13273
122 13644
123 13830
124 13644
125 13551
126 13551
127 13923
128 14201
129 14387
130 14387
131 14665
132 14758
133 14480
134 14480
135 14480
136 14480
137 14480
138 14944
139 15315
140 15315
141 15315
142 15408
143 15686
144 15779
145 15779
146 15965
147 16243
148 16336
149 16429
150 16615
151 16429
152 16615
153 16522
154 16522
155 16800
156 17079
157 17171
158 17264
159 17264
160 17450
161 17357
162 17357
163 17450
164 17728
165 17821
166 17728
167 18193
168 18100
169 17636
170 18007
171 18285
172 18100
173 17357
174 17636
175 18564
176 18749
177 19214
178 19306
179 19214
180 19214
181 19399
182 19306
183 19770
184 19399
185 19678
186 19770
187 19956
188 19306
189 19028
190 19956
191 20513
192 20327
193 19678
194 18564
195 19028
196 20606
197 20792
198 21163
199 20606
200 20884
201 21534
202 21256
203 20606
204 20606
205 21720
206 21813
207 20884
208 17821
209 16615
210 18935
211 21441
212 22369
213 22277
214 22277
215 22277
216 20699
217 20142
218 21720
219 23205
220 23483
221 23762
222 23669
223 23391
224 23576
225 23947
226 22555
227 20792
228 21256
229 23483
230 24133
231 24597
232 24597
233 24597
234 24690
235 24690
236 25154
237 25154
238 25340
239 25247
240 25061
241 25433
242 24040
243 23576
244 24597
245 25711
246 25618
247 24876
248 25711
249 26175
250 26454
251 26732
252 26454
253 26639
254 26454
255 26546
256 27011
257 27196
258 26825
259 27011
260 27103
261 27196
262 27660
263 27753
264 27846
265 28032
266 28032
267 27753
268 27289
269 27103
270 27475
271 28032
272 28310
273 28589
274 28681
275 28867
276 28589
277 28403
278 28403
279 28032
280 28124
281 28217
282 28774
283 28867
284 29331
285 29053
286 28774
287 28867
288 29610
289 29981
290 30074
291 29888
292 29424
293 28774
294 28867
295 29238
296 29610
297 29424
298 29424
299 29145
300 29238
301 29238
302 29424
303 30259
304 30631
305 30259
306 30352
307 30445
308 30723
309 28589
310 26454
311 28310
312 30816
313 31280
314 31652
315 31466
316 30445
317 30074
318 29424
319 29888
320 30166
321 30816
322 30631
323 29795
324 29795
325 30352
326 31188
327 31002
328 30352
329 29702
330 29424
331 27382
332 23391
333 16522
334 11324
335 13459
336 20606
337 25711
338 27753
339 28217
340 28124
341 29517
342 30166
343 29981
344 29517
345 27289
346 26825
347 29610
348 31188
349 32023
350 31837
351 31837
352 31373
353 30538
354 29888
355 28867
356 24968
357 16893
358 13459
359 18471
360 24783
361 28310
362 29610
363 30166
364 30816
365 29888
366 29424
367 30259
368 31188
369 31188
370 30631
371 29795
372 28867
373 28681
374 29981
375 32116
376 32487
377 32023
378 31002
379 29795
380 30445
381 31373
382 31280
383 31466
384 31652
385 31930
386 32209
387 31837
388 31466
389 31930
390 32209
391 32394
392 32765
393 31930
394 31373
395 31095
396 29517
397 29702
398 31466
399 32209
400 32023
401 31373
402 31280
403 31373
404 31559
405 31280
406 31280
407 31652
408 31744
409 31188
410 31280
411 31837
412 31837
413 30538
414 29331
415 29795
416 30352
417 30816
418 31559
419 31652
420 31652
421 31930
422 31559
423 31095
424 31095
425 30259
426 30352
427 31466
428 31930
429 30538
430 26361
431 24133
432 27289
433 30352
434 30909
435 30538
436 30074
437 30538
438 30259
439 28310
440 28496
441 30352
442 31188
443 31188
444 31095
445 31002
446 30445
447 29238
448 28496
449 28681
450 28403
451 28774
452 28032
453 28310
454 30074
455 29888
456 29795
457 30166
458 30538
459 30259
460 30166
461 30166
462 29795
463 28403
464 27846
465 28774
466 29610
467 29795
468 28960
469 27475
470 27382
471 27382
472 28124
473 28960
474 28310
475 28774
476 29610
477 29795
478 29702
479 29702
480 29517
481 29610
482 29517
483 29610
484 29610
485 29331
486 27660
487 26546
488 27289
489 28403
490 28496
491 28032
492 28681
493 28124
494 26825
495 26175
496 24597
497 24226
498 26732
499 28032
500 28217
501 28496
502 28124
503 27103
504 26361
505 27289
506 27196
507 26918
508 27382
509 27939
510 27753
511 27475
512 26918
513 27289
514 25990
515 23483
516 24412
517 26546
518 26918
519 26546
520 26639
521 27103
522 27196
523 27103
524 27011
525 26825
526 26918
527 26546
528 26082
529 25618
530 25990
531 26175
532 26454
533 26454
534 26546
535 26175
536 25990
537 25618
538 24876
539 24968
540 24412
541 22741
542 22462
543 23483
544 23483
545 24040
546 23576
547 22277
548 22648
549 23855
550 24968
551 24504
552 24133
553 24040
554 23947
555 23855
556 23762
557 23576
558 23669
559 23855
560 23391
561 22648
562 22184
563 22834
564 23483
565 22741
566 21813
567 22184
568 22834
569 23019
570 23205
571 23391
572 22277
573 20327
574 19028
575 20327
576 20792
577 20327
578 21256
579 21813
580 22184
581 22277
582 22369
583 22555
584 22091
585 21905
586 21813
587 22184
588 22369
589 22091
590 21256
591 19492
592 19028
593 19492
594 20327
595 21534
596 21534
597 21534
598 21256
599 21070
600 20420
601 20513
602 20977
603 20792
604 20792
605 20792
606 20513
607 19770
608 18564
609 18378
610 19770
611 20235
612 19678
613 18842
614 18657
615 18193
616 18100
617 18657
618 19306
619 19492
620 19214
621 18842
622 18749
623 19121
624 19028
625 19306
626 18935
627 18935
628 18564
629 18471
630 18657
631 18285
632 18193
633 17821
634 18193
635 18285
636 18100
637 18007
638 18193
639 18007
640 17914
641 18007
642 17728
643 17543
644 17264
645 17171
646 17171
647 16522
648 15779
649 16150
650 16243
651 16150
652 16615
653 16243
654 16150
655 15779
656 15501
657 15222
658 15222
659 15594
660 15779
661 15686
662 15594
663 15872
664 15779
665 15501
666 15408
667 15501
668 15594
669 15501
670 15222
671 14944
672 15037
673 15129
674 15129
675 14851
676 15129
677 14851
678 14758
679 14572
680 14758
681 14387
682 14665
683 14480
684 14480
685 14201
686 14201
687 13830
688 13366
689 12623
690 12623
691 13087
692 13644
693 13366
694 13180
695 12252
696 10952
697 11138
698 12530
699 12623
700 12438
701 12623
702 12716
703 12530
704 12159
705 11973
706 12438
707 12530
708 12345
709 12438
710 12438
711 12252
712 11973
713 12066
714 11973
715 11881
716 11695
717 11788
718 11509
719 11695
720 11417
721 11695
722 11324
723 11417
724 11324
725 11324
726 10674
727 9653
728 9746
729 10767
730 10767
731 10210
732 9096
733 9003
734 10117
735 10396
736 10396
737 10674
738 10396
739 10210
740 10117
741 9653
742 8910
743 8818
744 9282
745 10024
746 9746
747 9560
748 9560
749 9374
750 9282
751 9467
752 9374
753 9282
754 9374
755 9282
756 9189
757 9003
758 8910
759 8725
760 8725
761 8539
762 8353
763 8353
764 8353
765 8261
766 8632
767 8725
768 8632
769 8446
770 8261
771 8261
772 8261
773 7982
774 7982
775 7982
776 7982
777 7889
778 7889
779 7889
780 7889
781 7797
782 7704
783 7518
784 7518
785 7425
786 7054
787 7240
788 7147
789 6961
790 6497
791 6219
792 6497
793 6775
794 6961
795 7054
796 6775
797 6683
798 6683
799 6590
800 6497
801 6497
802 6590
803 6590
804 6497
805 6311
806 6497
807 6311
808 6126
809 6219
810 6126
811 6126
812 6126
813 5940
814 5476
815 4919
816 5105
817 5569
818 5754
819 5476
820 5569
821 5569
822 5569
823 5476
824 5569
825 5290
826 5290
827 5198
828 5105
829 5198
830 5105
831 5012
832 5105
833 5198
834 4919
835 4826
836 4733
837 4548
838 4362
839 4084
840 4176
841 3805
842 3991
843 4362
844 4641
845 4455
846 4548
847 4548
848 4362
849 4362
850 4269
851 4362
852 4269
853 4362
854 4269
855 4269
856 4176
857 3898
858 3898
859 3898
860 3805
861 3805
862 3898
863 3620
864 3155
865 3155
866 3527
867 3712
868 3620
869 3434
870 3434
871 3434
872 3527
873 3434
874 3341
875 3434
876 3248
877 3155
878 2970
879 2506
880 2599
881 2877
882 3155
883 3155
884 3063
885 3063
886 2970
887 2877
888 2784
889 2784
890 2877
891 2784
892 2691
893 2599
894 2506
895 2227
896 2042
897 0
898 0
899 0
