0 0
1 4242
2 4242
3 4242
4 4332
5 4422
6 4513
7 4603
8 4693
9 4693
10 4693
11 4964
12 4964
13 4874
14 4784
15 4693
16 4874
17 5054
18 4964
19 4964
20 5235
21 5506
22 5506
23 5145
24 5145
25 5506
26 5776
27 5867
28 5776
29 6047
30 5957
31 6047
32 5957
33 5776
34 6137
35 6408
36 6589
37 6589
38 6408
39 6679
40 6769
41 6950
42 6769
43 6950
44 7130
45 6950
46 7221
47 7401
48 7311
49 7491
50 7491
51 7582
52 7582
53 7582
54 7762
55 7853
56 7853
57 7762
58 7221
59 7311
60 7853
61 8394
62 8304
63 8575
64 8665
65 8845
66 8845
67 8936
68 8936
69 9116
70 9297
71 9297
72 9568
73 9297
74 9658
75 9568
76 9838
77 9838
78 9748
79 9748
80 10019
81 10109
82 10109
83 10109
84 10380
85 10380
86 10470
87 10470
88 10831
89 10831
90 10741
91 11012
92 11102
93 11102
94 11192
95 11463
96 11463
97 11463
98 11644
99 11553
100 11553
101 11553
102 11914
103 12185
104 12366
105 12185
106 12366
107 12366
108 12275
109 12366
110 12637
111 12817
112 12907
113 13178
114 12637
115 12637
116 12907
117 13359
118 13359
119 13539
120 13720
121 13900
122 13810
123 13539
124 13629
125 13900
126 13990
127 13900
128 14081
129 14081
130 14442
131 14532
132 14803
133 14983
134 14983
135 14893
136 14983
137 14983
138 15164
139 14893
140 14622
141 15164
142 15796
143 15886
144 15886
145 15886
146 15976
147 16247
148 16518
149 16518
150 16698
151 16698
152 16698
153 16879
154 17150
155 16969
156 16969
157 17240
158 17421
159 17691
160 17782
161 17782
162 17691
163 17691
164 17962
165 18052
166 17962
167 18052
168 18323
169 18233
170 18413
171 18323
172 18143
173 18504
174 18775
175 18323
176 17872
177 18684
178 19226
179 19587
180 19587
181 19497
182 19587
183 19497
184 19677
185 20128
186 20219
187 20219
188 20490
189 20490
190 20760
191 19858
192 19587
193 20399
194 20851
195 20490
196 19858
197 18955
198 20038
199 21121
200 21753
201 21753
202 21302
203 21212
204 21844
205 21482
206 20941
207 21212
208 22024
209 22024
210 21121
211 18052
212 17240
213 19858
214 21934
215 22836
216 22746
217 22385
218 22385
219 21031
220 21121
221 22746
222 23920
223 23920
224 23829
225 24100
226 24010
227 24461
228 24461
229 22927
230 21121
231 22114
232 24281
233 24912
234 25093
235 25183
236 25183
237 25003
238 25274
239 25274
240 25815
241 25905
242 25635
243 25996
244 25725
245 25093
246 24371
247 25364
248 26176
249 26086
250 25725
251 26086
252 26989
253 26989
254 27169
255 26898
256 27079
257 27259
258 26989
259 27350
260 27801
261 27620
262 28072
263 28072
264 27891
265 28433
266 28162
267 28252
268 28162
269 28433
270 28162
271 27711
272 27620
273 28433
274 28433
275 28974
276 28884
277 28974
278 29065
279 28884
280 28433
281 28704
282 29335
283 29065
284 28974
285 29516
286 29697
287 29967
288 30148
289 29787
290 29516
291 29967
292 29877
293 29697
294 29877
295 30238
296 30328
297 29697
298 28974
299 29516
300 29787
301 30238
302 29877
303 29877
304 30058
305 30328
306 30689
307 31321
308 31321
309 30689
310 29967
311 30689
312 29697
313 28433
314 29516
315 31321
316 31050
317 30419
318 29697
319 30238
320 30780
321 31231
322 30689
323 30689
324 30419
325 30960
326 31773
327 31953
328 31231
329 31231
330 31321
331 30689
332 29155
333 27891
334 26266
335 23378
336 17150
337 11914
338 13900
339 20309
340 24642
341 27350
342 28613
343 29426
344 30419
345 30870
346 30870
347 29967
348 27440
349 27801
350 30509
351 31592
352 32043
353 31953
354 31682
355 32043
356 31502
357 30689
358 28884
359 24281
360 16428
361 13539
362 19136
363 25725
364 28884
365 29335
366 29065
367 30419
368 31321
369 30960
370 31231
371 31863
372 31231
373 28884
374 28252
375 29697
376 31231
377 31953
378 31141
379 30148
380 30960
381 31592
382 31502
383 31773
384 32134
385 32585
386 31863
387 31412
388 31682
389 32314
390 32224
391 32766
392 32766
393 32134
394 32134
395 32314
396 32766
397 32675
398 31953
399 30238
400 29697
401 31321
402 32043
403 31502
404 31231
405 31231
406 31682
407 32043
408 31592
409 31412
410 31412
411 32134
412 32224
413 31863
414 31231
415 31050
416 29606
417 29065
418 30509
419 31953
420 31953
421 31953
422 31863
423 32043
424 31592
425 30689
426 30960
427 31682
428 32043
429 31682
430 31050
431 31321
432 30870
433 26808
434 24100
435 26447
436 29877
437 31050
438 31321
439 31502
440 30960
441 30689
442 28704
443 28523
444 30509
445 31141
446 30780
447 29606
448 29697
449 29697
450 28974
451 28523
452 27981
453 28523
454 30328
455 30328
456 30148
457 30328
458 31141
459 30870
460 30599
461 30419
462 30419
463 29697
464 29065
465 28974
466 29065
467 28974
468 29065
469 27801
470 27981
471 28162
472 28343
473 28794
474 28433
475 28974
476 29606
477 30148
478 29697
479 29877
480 29787
481 29787
482 29787
483 29787
484 30148
485 29787
486 29516
487 29335
488 28252
489 27169
490 26898
491 27801
492 28974
493 28794
494 28613
495 28884
496 28794
497 26989
498 26086
499 24461
500 24010
501 26808
502 28523
503 27079
504 26808
505 27620
506 27440
507 27079
508 27891
509 28072
510 28072
511 28072
512 27711
513 27981
514 27530
515 27350
516 27350
517 26086
518 23829
519 23920
520 26628
521 27350
522 27530
523 27620
524 27440
525 27169
526 27169
527 26898
528 26537
529 26447
530 26447
531 26357
532 26176
533 26628
534 26537
535 26718
536 26447
537 25905
538 25635
539 25183
540 24912
541 23649
542 23739
543 23739
544 23649
545 24100
546 23559
547 22205
548 22385
549 24010
550 25183
551 24822
552 24642
553 24551
554 23829
555 23559
556 23378
557 23559
558 24010
559 23920
560 23559
561 22746
562 22385
563 23107
564 23649
565 23107
566 22295
567 22566
568 23468
569 23559
570 23739
571 23378
572 23197
573 23197
574 22836
575 21573
576 19587
577 18775
578 20219
579 21302
580 20760
581 21121
582 22385
583 22475
584 22295
585 22205
586 22295
587 22656
588 22656
589 22385
590 22295
591 22385
592 22024
593 21302
594 19858
595 19045
596 19316
597 20309
598 20851
599 21031
600 20670
601 20760
602 21121
603 20941
604 20851
605 20670
606 20851
607 20490
608 20490
609 20399
610 20219
611 18955
612 17962
613 18323
614 18865
615 19136
616 18955
617 18775
618 18413
619 18775
620 19316
621 19226
622 19316
623 19136
624 19316
625 19136
626 19136
627 19045
628 18865
629 18865
630 18594
631 18684
632 18233
633 18052
634 18233
635 18413
636 18233
637 18233
638 18143
639 18233
640 18143
641 18052
642 17872
643 17872
644 17601
645 17511
646 17691
647 17511
648 17150
649 16969
650 16428
651 15796
652 15706
653 16337
654 16157
655 15976
656 15706
657 15525
658 15615
659 15796
660 15796
661 16157
662 15706
663 16157
664 16067
665 15796
666 15615
667 15435
668 15706
669 15525
670 15525
671 14983
672 14983
673 15164
674 15254
675 15164
676 15164
677 14893
678 15074
679 14893
680 14893
681 14622
682 14622
683 14622
684 14622
685 14261
686 14171
687 14081
688 13629
689 13629
690 14171
691 13900
692 13359
693 12637
694 12366
695 12998
696 12817
697 12727
698 12366
699 11463
700 11192
701 12095
702 12727
703 12817
704 12907
705 12637
706 12546
707 12185
708 12095
709 12275
710 12456
711 12275
712 12185
713 11914
714 12185
715 12185
716 11824
717 11824
718 11734
719 11824
720 11644
721 11644
722 11734
723 11553
724 11463
725 11373
726 11373
727 11192
728 10831
729 10651
730 9748
731 9387
732 10109
733 10380
734 10109
735 9477
736 8936
737 9658
738 10290
739 10199
740 10470
741 10380
742 10109
743 10019
744 9929
745 9116
746 8575
747 9026
748 9658
749 9658
750 9568
751 9658
752 9387
753 9297
754 9387
755 9387
756 9116
757 9116
758 8936
759 8845
760 8845
761 8936
762 8936
763 8755
764 8394
765 8123
766 8214
767 8304
768 8394
769 8394
770 8484
771 8304
772 8304
773 8123
774 8123
775 8123
776 7853
777 7853
778 8123
779 7853
780 7943
781 7943
782 7672
783 7672
784 7582
785 7491
786 7582
787 7401
788 7221
789 7040
790 6950
791 6950
792 7040
793 6769
794 6318
795 6228
796 6408
797 6769
798 6860
799 6679
800 6589
801 6679
802 6589
803 6589
804 6499
805 6499
806 6408
807 6137
808 6228
809 6137
810 6137
811 6047
812 5957
813 6047
814 5867
815 6047
816 5957
817 5686
818 5054
819 4964
820 5145
821 5596
822 5596
823 5596
824 5686
825 5415
826 5415
827 5325
828 5415
829 5235
830 4964
831 5054
832 5054
833 5145
834 5054
835 4964
836 4874
837 4874
838 4784
839 4603
840 4693
841 4242
842 4152
843 4061
844 3971
845 3791
846 4061
847 4422
848 4422
849 4422
850 4332
851 4242
852 4422
853 4422
854 4332
855 4061
856 3971
857 4061
858 4061
859 3971
860 3881
861 3881
862 3700
863 3700
864 3791
865 3700
866 3700
867 3430
868 2978
869 3159
870 3339
871 3520
872 3520
873 3520
874 3339
875 3249
876 3249
877 3430
878 3430
879 3339
880 3159
881 2978
882 2798
883 2617
884 2798
885 2888
886 2978
887 2978
888 2888
889 2798
890 2798
891 2798
892 2707
893 2707
894 2707
895 2707
896 2527
897 0
898 0
899 0
