0 0
1 4239
2 4327
3 4327
4 4415
5 4592
6 4680
7 4680
8 4769
9 4857
10 4857
11 4945
12 5034
13 4857
14 4769
15 4769
16 5034
17 5034
18 4945
19 5210
20 5210
21 5387
22 5475
23 5122
24 5387
25 5740
26 5828
27 6005
28 5917
29 6005
30 6005
31 6093
32 5740
33 6005
34 6358
35 6535
36 6535
37 6623
38 6623
39 6712
40 6888
41 6888
42 6888
43 6977
44 7242
45 7153
46 7242
47 7418
48 7595
49 7683
50 7683
51 7683
52 7683
53 7595
54 7683
55 7948
56 7948
57 7595
58 7153
59 7507
60 8213
61 8301
62 8566
63 8743
64 8831
65 9008
66 9008
67 9185
68 9096
69 9185
70 9450
71 9361
72 9450
73 9538
74 9714
75 9803
76 9803
77 9891
78 9979
79 10068
80 10244
81 10068
82 10333
83 10333
84 10333
85 10509
86 10598
87 10774
88 10774
89 11039
90 11039
91 11128
92 11128
93 11304
94 11393
95 11481
96 11569
97 11657
98 11657
99 11746
100 11657
101 11834
102 12187
103 12187
104 12452
105 12276
106 12541
107 12452
108 12452
109 12629
110 12806
111 13159
112 13071
113 12982
114 12629
115 12894
116 13071
117 13689
118 13600
119 13777
120 13954
121 13954
122 13865
123 13689
124 13954
125 14219
126 14042
127 14042
128 13954
129 14307
130 14749
131 14749
132 15014
133 15014
134 15279
135 15279
136 15102
137 15190
138 15014
139 15014
140 15190
141 15720
142 15897
143 15985
144 15985
145 16162
146 16427
147 16427
148 16692
149 16515
150 16692
151 16868
152 16957
153 16957
154 17222
155 17133
156 17310
157 17575
158 17663
159 17840
160 17840
161 17840
162 17663
163 17751
164 17928
165 18370
166 18281
167 18281
168 18281
169 18635
170 18635
171 18281
172 18281
173 18811
174 18900
175 18281
176 18193
177 18988
178 19518
179 19518
180 19429
181 19606
182 19694
183 19871
184 20048
185 20401
186 20401
187 20401
188 20489
189 20666
190 20313
191 19694
192 20136
193 20843
194 20843
195 20401
196 19429
197 19165
198 20843
199 21726
200 21726
201 21549
202 21284
203 21726
204 22079
205 21461
206 21108
207 22167
208 22432
209 22167
210 19694
211 17133
212 18281
213 21108
214 22786
215 22874
216 22786
217 22786
218 22079
219 20843
220 21814
221 23580
222 24199
223 24199
224 24110
225 24199
226 24375
227 24640
228 24110
229 21991
230 21372
231 23404
232 24905
233 25170
234 25435
235 25435
236 25347
237 25523
238 25435
239 25612
240 25788
241 25788
242 25877
243 25965
244 25435
245 24640
246 24905
247 26142
248 26407
249 25965
250 25877
251 26407
252 26937
253 27201
254 27201
255 27201
256 27290
257 27378
258 27201
259 27555
260 27643
261 27820
262 28085
263 28261
264 28173
265 28438
266 28438
267 28261
268 28526
269 28526
270 27996
271 27643
272 27908
273 28703
274 28791
275 29233
276 29056
277 28880
278 29144
279 29056
280 28791
281 28880
282 29233
283 29056
284 29233
285 29498
286 29851
287 30293
288 30028
289 29586
290 30028
291 30116
292 29939
293 29851
294 30116
295 30028
296 30293
297 29851
298 29056
299 29498
300 30204
301 30204
302 29586
303 29851
304 30646
305 30646
306 30911
307 30999
308 31176
309 30558
310 30204
311 30204
312 28703
313 28615
314 30734
315 31441
316 31617
317 30469
318 29586
319 30204
320 30823
321 31529
322 30734
323 30558
324 30646
325 30823
326 31529
327 31971
328 31264
329 31264
330 31441
331 30646
332 28968
333 27643
334 25170
335 20578
336 14130
337 11834
338 17310
339 22786
340 25877
341 27820
342 29144
343 29674
344 30823
345 30999
346 30823
347 28968
348 27201
349 29144
350 31441
351 32059
352 32147
353 31794
354 31617
355 32059
356 31529
357 30646
358 27908
359 21196
360 14042
361 15279
362 22697
363 27820
364 29674
365 29674
366 29409
367 30734
368 31441
369 30999
370 31176
371 32059
372 31529
373 28526
374 28173
375 30293
376 31794
377 32412
378 31264
379 30381
380 31264
381 31971
382 31617
383 32059
384 32324
385 32589
386 31882
387 31617
388 31971
389 32412
390 32501
391 32766
392 32677
393 32501
394 32236
395 32236
396 32589
397 32589
398 31706
399 29763
400 30558
401 32236
402 32059
403 31264
404 31441
405 31441
406 31706
407 32059
408 31617
409 31352
410 31441
411 32589
412 32412
413 31971
414 31441
415 30999
416 29409
417 29409
418 31529
419 32059
420 32059
421 31971
422 31971
423 32147
424 31617
425 30823
426 30911
427 31794
428 31882
429 31794
430 31264
431 31264
432 29851
433 25258
434 25082
435 28880
436 30558
437 31087
438 31441
439 31617
440 31087
441 29763
442 28703
443 29586
444 31087
445 31176
446 30999
447 29498
448 29321
449 29498
450 28880
451 28615
452 28261
453 28791
454 30381
455 30558
456 30381
457 30469
458 30911
459 30823
460 30469
461 30558
462 30734
463 29939
464 29144
465 28791
466 29144
467 29498
468 29321
469 28085
470 27996
471 28261
472 28526
473 29233
474 28526
475 29233
476 29851
477 30116
478 30293
479 30293
480 29851
481 29939
482 30028
483 30028
484 30116
485 30204
486 29586
487 29056
488 27908
489 26848
490 27466
491 28438
492 28791
493 28791
494 28880
495 29144
496 28438
497 26672
498 25700
499 24287
500 25258
501 27996
502 28526
503 27290
504 26937
505 27820
506 27466
507 27201
508 27908
509 28350
510 28350
511 28085
512 27996
513 27908
514 27643
515 27555
516 27290
517 25170
518 23757
519 25082
520 26937
521 27378
522 27820
523 27643
524 27555
525 27290
526 27466
527 27113
528 26495
529 26583
530 26495
531 26318
532 26583
533 26672
534 26583
535 26848
536 26495
537 26142
538 25523
539 25435
540 24994
541 23845
542 23669
543 23757
544 23492
545 24375
546 23845
547 21991
548 22521
549 24464
550 25170
551 24729
552 24817
553 24729
554 23934
555 23669
556 23580
557 23934
558 24199
559 24022
560 23845
561 23051
562 22521
563 23139
564 23757
565 23227
566 21991
567 22697
568 23315
569 23934
570 23669
571 23492
572 23139
573 23139
574 22786
575 21108
576 18811
577 19341
578 21019
579 21108
580 20843
581 22079
582 22521
583 22609
584 22521
585 22521
586 22344
587 22697
588 22786
589 22521
590 22521
591 22256
592 21991
593 21108
594 19518
595 19165
596 20048
597 20666
598 21461
599 21372
600 20931
601 20843
602 21284
603 21284
604 21019
605 20931
606 20666
607 20666
608 20666
609 20578
610 19871
611 18723
612 18281
613 18900
614 19076
615 19076
616 18988
617 18811
618 18900
619 19076
620 19694
621 19518
622 19429
623 19253
624 19165
625 19341
626 19165
627 19076
628 18811
629 19165
630 18723
631 18635
632 18370
633 18193
634 18458
635 18370
636 18458
637 18458
638 18370
639 18193
640 18193
641 18193
642 17840
643 17840
644 17840
645 17751
646 17663
647 17575
648 17222
649 16957
650 16250
651 15632
652 15985
653 16692
654 16515
655 16250
656 15720
657 15720
658 15632
659 15897
660 15985
661 15897
662 16073
663 16250
664 16073
665 15808
666 15543
667 15632
668 15720
669 15543
670 15720
671 15367
672 15190
673 15367
674 15455
675 15279
676 15279
677 15190
678 15014
679 15014
680 15014
681 14837
682 14837
683 14660
684 14660
685 14660
686 14484
687 14130
688 13512
689 13777
690 14042
691 13865
692 13071
693 12541
694 12894
695 13336
696 12982
697 12629
698 12011
699 11216
700 11569
701 12452
702 12982
703 12982
704 12894
705 12717
706 12452
707 12276
708 12364
709 12452
710 12452
711 12364
712 12452
713 12187
714 12187
715 12099
716 12187
717 12011
718 11834
719 11834
720 11922
721 11922
722 11569
723 11569
724 11569
725 11393
726 11393
727 11216
728 11039
729 10421
730 9538
731 9891
732 10333
733 10598
734 9626
735 9185
736 9450
737 10333
738 10421
739 10686
740 10509
741 10244
742 10156
743 10068
744 9714
745 8743
746 8831
747 9538
748 9803
749 9803
750 9714
751 9450
752 9273
753 9361
754 9538
755 9361
756 9450
757 9096
758 8920
759 9008
760 8920
761 9096
762 8920
763 8831
764 8213
765 8301
766 8213
767 8566
768 8478
769 8478
770 8478
771 8301
772 8390
773 8125
774 8301
775 8213
776 8125
777 8036
778 8036
779 8036
780 8036
781 7948
782 7860
783 7860
784 7771
785 7683
786 7595
787 7595
788 7330
789 7153
790 7153
791 7153
792 6888
793 6623
794 6358
795 6447
796 6800
797 6888
798 6800
799 6712
800 6535
801 6623
802 6623
803 6535
804 6535
805 6623
806 6535
807 6358
808 6270
809 6270
810 6182
811 6182
812 6182
813 6182
814 5917
815 6005
816 5917
817 5475
818 5034
819 4945
820 5475
821 5740
822 5652
823 5564
824 5652
825 5564
826 5564
827 5475
828 5387
829 5210
830 5034
831 5034
832 5122
833 5122
834 5122
835 5122
836 5034
837 4945
838 4680
839 4592
840 4504
841 4150
842 4239
843 4239
844 3974
845 3974
846 4415
847 4592
848 4504
849 4504
850 4504
851 4239
852 4415
853 4415
854 4239
855 4150
856 4150
857 4239
858 4150
859 4062
860 3885
861 3797
862 3709
863 3797
864 3885
865 3709
866 3532
867 3179
868 3179
869 3356
870 3532
871 3532
872 3621
873 3621
874 3356
875 3444
876 3356
877 3444
878 3179
879 3179
880 3091
881 2914
882 2649
883 2649
884 2914
885 3002
886 3002
887 2914
888 2914
889 2914
890 2914
891 2826
892 2826
893 2826
894 2737
895 2737
896 2649
897 0
898 0
899 0
